15 697 3 8
0 0 0 0 0 87 0 0 100 96 20 15 0 0 0 
81 0 56 26 0 0 -1 0 0 0 0 0 0 13 0 
0 0 0 0 -1 0 79 0 5 0 0 0 0 0 0 
0 92 0 0 42 0 0 0 0 13 0 71 0 0 0 
64 0 94 -1 0 90 39 0 0 0 0 0 0 0 0 
0 0 0 0 0 0 0 89 63 0 63 0 0 36 0 
0 0 0 0 0 0 0 24 0 0 49 0 0 0 0 
0 0 0 67 -1 0 -1 0 16 0 0 0 0 0 0 
0 0 -1 25 0 0 3 92 0 33 0 0 0 0 65 
-1 12 0 -1 50 0 0 0 0 0 0 0 0 0 0 
83 0 -1 0 0 0 0 -1 0 0 0 0 0 29 87 
0 0 59 -1 0 0 0 0 -1 0 37 59 -1 34 -1 
0 85 0 0 0 0 0 0 0 0 0 0 80 0 -1 
0 0 -1 0 0 82 4 94 0 0 0 0 -1 0 0 
0 0 0 0 0 0 0 0 0 0 0 0 0 0 0 
